656123487947656151617
847245878492382347902346396272829
656123487947656151617
847245878492382347902346396272829
0123456784235340751819202134870
0123324908238468747489679937073031
0123456784235340751819202134870
656123487947656151617
847245878492382347902346396272829
656123487947656151617
847245878492382347902346396272829
0123456784235340751819202134870
0123324908238468747489679937073031
0123456784235340751819202134870
656123487947656151617
847245878492382347902346396272829
0123456784235340751819202134870
0123324908238468747489679937073031
0123324908238468747489679937073031
656123487947656151617
847245878492382347902346396272829
0123456784235340751819202134870
0123324908238468747489679937073031
0123324908238468747489679937073031