342783427810874334893792
893803297828893839128883725262728
656123487947656151617
0184828324047023934095
847245878492382347902346396272829
342783427810874334893792
893803297828893839128883725262728
656123487947656151617
0184828324047023934095
847245878492382347902346396272829
3745842932425131415163849634795
0123456784235340751819202134870
793232454324541415161787932424252632454324549874
2348234233247862595820212223242526
0123324908238468747489679937073031
78484523488924141598342878399377
3745842932425131415163849634795
0123456784235340751819202134870
793232454324541415161787932424252632454324549874
342783427810874334893792
893803297828893839128883725262728
656123487947656151617
0184828324047023934095
847245878492382347902346396272829
342783427810874334893792
893803297828893839128883725262728
656123487947656151617
0184828324047023934095
847245878492382347902346396272829
3745842932425131415163849634795
0123456784235340751819202134870
793232454324541415161787932424252632454324549874
2348234233247862595820212223242526
0123324908238468747489679937073031
78484523488924141598342878399377
3745842932425131415163849634795
0123456784235340751819202134870
793232454324541415161787932424252632454324549874
342783427810874334893792
893803297828893839128883725262728
656123487947656151617
0184828324047023934095
847245878492382347902346396272829
3745842932425131415163849634795
0123456784235340751819202134870
793232454324541415161787932424252632454324549874
2348234233247862595820212223242526
0123324908238468747489679937073031
78484523488924141598342878399377
2348234233247862595820212223242526
0123324908238468747489679937073031
78484523488924141598342878399377
342783427810874334893792
893803297828893839128883725262728
656123487947656151617
0184828324047023934095
847245878492382347902346396272829
3745842932425131415163849634795
0123456784235340751819202134870
793232454324541415161787932424252632454324549874
2348234233247862595820212223242526
0123324908238468747489679937073031
78484523488924141598342878399377
2348234233247862595820212223242526
0123324908238468747489679937073031
78484523488924141598342878399377