 326
 394
 760
 762
 742
 270
 627
 970
 178
 846
 877
 257
 679
 111
 239
 885
 841
 792
  14
 379
 230
 903
 179
 309
 882
 271
 715
 323
 377
 490
 168
 256
 173
 472
 131
 237
 670
 374
 238
 541
 390
 207
 154
 691
 465
 684
 433
 744
 107
 860
 498
  58
 754
 104
 642
 870
  83
 296
 941
 366
 829
 897
 632
 908
 157
 811
 201
 745
 881
 475
 609
 739
 748
 949
 537
 363
 892
 545
 773
 388
 732
  23
 115
 733
 850
 320
 463
 229
 958
 951
 727
 842
 405
 901
 404
  26
 655
 789
 382
 564
 513
 854
 436
 980
 702
 561
 682
 539
 596
 530
  82
 267
 810
 524
  69
 383
 171
 676
   6
 724
 479
 719
 410
 487
 138
 595
  43
  51
 172
  31
 859
  28
 144
 281
 722
  25
 280
 290
 751
 236
 620
  74
 783
 922
 848
 622
 950
 919
 876
 317
  87
 791
 858
 424
 542
 757
 324
 160
 956
  70
 686
 572
 623
 109
 825
 832
 781
 838
 243
 929
  60
 470
 575
 471
  96
 721
 646
 402
 794
 202
 738
 689
 886
 569
  33
 863
 206
 930
  98
 845
 454
 593
 567
 213
 986
 357
 124
 741
 417
 696
  30
 196
 818
 559
  10
 199
 647
   9
 917
 338
 634
 654
  47
 659
 116
 636
 254
 806
 661
 494
 188
 618
 983
 836
 337
 671
 368
 346
 342
 451
 619
 976
 616
 662
 923
 384
 887
 148
 644
 169
 945
 336
 798
 165
 392
 700
  99
 704
 140
 307
 241
  42
 255
 522
 176
 799
 321
 277
 788
 425
 664
  92
 975
  29
 844
 808
 650
 356
 716
 640
 300
 466
  20
 248
 149
 343
 927
 555
 996
 925
 880
 743
 288
 278
 515
 910
 701
 395
 586
 641
 803
 194
 814
 906
 437
 231
 253
 499
 587
  77
 544
 765
 105
 591
  22
 100
 660
 924
 981
 153
 695
 875
 101
 973
 227
 815
 628
 303
 444
 298
 123
 468
 504
 656
 750
 354
 624
 415
 528
  19
 888
 613
 954
 146
 867
 262
 197
 351
 630
 658
 360
  18
 408
 489
 400
 214
  40
 576
 367
 291
 735
 816
 125
 920
 145
  59
 553
 843
 132
 546
 477
 220
 428
 865
 244
 134
 960
 598
 900
 180
 840
 584
  27
 734
 260
 871
 669
 772
 909
 344
 977
 352
 141
 809
 601
 683
  84
 907
 117
 446
 110
 717
 114
 805
 289
  54
 432
 936
 828
 770
 170
 190
 709
 884
 635
 687
 274
 486
 418
 972
 904
 577
 813
 427
  62
 621
 476
 543
 445
 412
 102
  17
 219
 992
   5
 911
 968
 305
  67
 526
 685
 209
 265
 159
  86
 839
 681
 139
 325
 959
  37
 362
 944
 458
 697
 211
 610
 223
 612
 780
 940
 182
 608
 957
 756
 156
 327
 562
 279
 942
 276
 311
 398
 364
 119
 126
 350
 474
 297
 633
 605
 166
 235
  13
 967
 135
 314
 807
 589
  89
 335
 565
 731
 501
 914
 294
 106
 359
 971
 718
 282
 969
 769
 631
 879
 464
 883
 455
1000
 442
 800
 200
 680
 993
 491
 652
 130
 921
 835
 532
 782
 964
 953
 574
  34
 878
 540
 331
 397
 984
 137
 580
 480
 264
 708
 175
 186
 538
 607
 767
 710
 482
 952
 369
  73
 434
 273
 931
 568
 191
 232
 895
 345
  24
 163
 453
  93
 547
 158
 585
 699
 205
 790
 604
 747
 824
  95
 638
 224
 847
 527
  80
 766
 778
 152
 827
 246
 419
 856
 198
 672
 603
 998
 250
 409
 761
  88
 195
 353
 493
 275
 313
 128
 933
 226
 127
 514
 529
 481
  63
 928
 801
 292
 217
 240
 723
 249
 643
  71
 234
 457
 606
 578
 189
 740
 896
 112
 688
 391
 999
  81
 361
 862
 413
 422
 122
 963
 693
 918
 826
 221
 316
 133
 785
 961
 714
 771
 416
 212
 506
 203
 625
 934
 347
 315
 590
 426
 758
 857
 531
 703
 518
 588
 989
 786
 389
  64
 258
  68
 997
 777
 443
 286
 753
  48
 775
 795
 266
  21
 228
 594
 663
 804
 500
 473
 385
 462
 448
 167
 511
 329
 890
  52
   2
 340
 187
 558
  66
 573
 399
 899
 965
 874
 376
 675
 820
  97
 657
 830
 831
 916
 505
 776
 817
 447
 891
 440
 272
 712
 492
 467
 495
 726
 485
 948
 935
 938
 162
  85
 301
 557
 889
 737
 583
 108
 674
 649
 387
 536
 512
 602
 208
 648
 926
 552
 943
 905
 974
 293
 692
  38
 259
 987
 380
  79
 136
 349
 534
  15
 517
 441
 525
 429
 673
 667
 192
 768
 556
 902
 730
 752
 245
 822
 142
 421
 181
 312
 183
 121
   4
 371
  61
 509
  36
 452
 893
 837
 533
 403
 979
 736
 763
 120
 617
  44
 184
 406
 560
 151
 947
 370
 516
 749
 550
 299
 310
 252
 435
 582
 755
 478
 677
 381
 341
 283
  50
 611
 563
 401
 821
 637
 332
 348
 990
 851
 626
 570
 113
 599
 261
   1
 373
 592
 991
 548
 386
 285
 535
 284
 520
 210
 706
  41
 216
 962
 330
 411
 694
 855
  78
 705
  45
 295
 629
  49
 355
 728
 668
 774
 431
 174
 579
 222
 729
 461
  57
 849
 720
 483
 913
 666
 507
 937
 995
 268
 496
 779
  53
  16
 549
 725
  90
 155
 581
 784
 797
 698
 129
 665
  65
   8
  75
  91
 420
 639
 372
 247
 269
 915
 852
 147
   7
 251
 988
 759
 358
 304
 872
 497
 459
 932
 707
 103
 193
 869
 143
  39
 333
 713
 614
 204
  46
 645
 393
 978
 615
 912
 873
   3
 469
 834
  72
 711
  32
 812
 796
 566
 322
 438
 339
 955
 653
 302
 225
 118
 414
 833
 318
 460
 365
 523
  35
 328
 551
 423
  56
 242
 150
 164
 319
 823
 894
 600
 233
 597
 378
 853
 571
 787
 488
 449
 185
 450
 939
 508
  11
 864
 396
 946
 868
 456
  12
 793
 218
 985
 651
 982
 764
 510
 215
 678
 439
 308
  55
 263
 287
 554
 802
 746
 177
 407
 966
 861
  76
 819
 484
 334
 306
 521
 375
 690
 503
 519
 898
 430
 866
 994
  94
 161
 502